1111111111111111111111111111111111111111111111111111111111111111
1111111111111111111111111111111111111111111111111111111111111111
1101111111111111111111111111111110011111111111111111111100001111
1111111111111111111111111111111111111111111111111111110011110011
1111111111111111111111111111111111111111111111111111101111111111
1111111111111111111111111111111111111111111111111111111111111111
1111111111111111010011111111111111111111111111111111111111111111
1111111111111111111101111111111111111111111111111111111111111111
1111111111111111111101111111111111111111111111111111111111111111
1111111111111111111111111111111111111111111111111111111111111111
1111111111111111111111111111111111111111111111111111111111111111
1111111111111111111111111111111111111111111111111111111111111111
1111111111111111111111111111111111111111111111111111111111111111
1111111111111111111111111111111111111111111111111111111111111111
1111111111111111111111111111111111111111111111111111111111111111
1111111111111111111111111111111111111111111111111111111111111111
1111111111111111111111111111111111111111111111111111111111111111
1111111111111111111111111111111111111111111111111111111111111111
1111111111111111111111111111111111111111111111111111111111111111
1111111111111111111111111111111111111111111111111111111111111111
1111111111111111111111111111111111111111111111111111111111111111
1111111111111111111111111111111111111111111111111111111111111111
1111111111111111111111111111111111111111111111111111111111111111
1111111111111111111111111111111111111111111111001011111111111111
1111111111111111111111111111111111111111111111001111111111111111
1111111111111111111111111111111111111111111111011111100111111111
1111111111111111111111111111111111111111111111011111110110000000
1111111111111111111111111111111111111111111111111111111111111111
1111111111111111111111111111111111111111111111111111111111111111
1111111111111111111111111111111111111111111101111111111111111111
1111111111111111111111111111111111111111111011111111111111111111
1111111111111111111111111111111111111111011111111111111111111111
1111111111111111111111111111111111111111111111111111111111111111
1111111111111111111111111111111111111111111111111111111111111111
1111111111111111111111111111111111111111101111111111111111111111
1111111111111111111111111111111111111111011111111111111111111111
1111111111111111111111111111111111111110011111111111111111111111
1111111111111111111111111111111111111100111111111111111111111111
1111111111111111111111111111111111111101111111111111111111111111
1111111111111111111111111111111111111011111111111111111111111111
1111111111111111111111111111111111100011111111111111111111111111
1111111111111111111111111111111111100011111111111111111111111111
1111111111111111111111111111111111111111111111111111111111111111
1111111111111111111111111111111111111111111111111111111111111111
1111111111111111111111111111111111110111111111111111111111111111
1111111111111111111111111111111111111111111111111111111111111111
1111111111111111111111111111111111111111111111111111111111111111
1111111111111111111111111111111111111111111111111111111111111111
1111111111111111111111111111111111111111111111111111111111111111
1111111111111111111111111111111111110111111111111111111111111111
1111111111111111111111101111111111111111111111111111111111111111
1111111111111111111111111111111111111111111111111111111111111111
1111111111111111111111111111111111111111111111111111111111111111
1111111111111111111111111111111111111111111111111111111111111111
1111111111111111111111111111111111111111111111111111111111111111
1111111111111111111111111111111111111111111111111111111111001111
1111111111111111111111111111111111111111111111111111111111001111
1111110111111111111111111111111111111111111111111111111111111111
0110001111111111111111111111111111111111111111111111111111111111
0001111111111111111111111111111111111111111111111111111111111111
1111111111111111111111111111111111111111111111111111111111111111
1111111111111111111111111111111111111111111111111111111111111111
1111111111111111111111111111111111101111111111111111111111111111
1111111111111111111111111111111111100111111111111111111111111111
