0001111111111111111111111111111111111111111111111111011111111111
1011111111111111111111111111111110000011111111110111111111111111
1111111111111111111111111111110001100011111111111111111011110111
1100011011111111111111111111000111100011111110000011101100101100
0111101000111111111111111111001111110011111100000000010111110011
0111110100000000000011111100011111100001110001100000011111111111
1111111111000000101101111100011111111000000111111111111111111111
1111111111111111100010111100111111111111111111111111111111111111
1111111111111111100010011101111111111111111111111111111111111111
1111111111111111111100010011111111111111111111111011111111111111
1111111111111111110111100111111111111111111111111111111111111111
1111111111111111111111111111111111111111111111111111111111111111
1111111111111111111111111111111111111111111111111111111111111111
1111111111111111111111111111111111111111111111111111111111111111
1111111111111111111111111111111111111111111111111111111111111111
1111111111111111111111111111111111111111111111111111111111111111
1111111011111111111111111111111111111111111111111111111111111111
1111111111111111111111111111111111111111111110111111111111111111
1111111111111111111111111111111111111111111111111111111111111111
1111110111111111111111111111111111111111110011111111111111111111
1111111111111111111111111111111111111111111111111111111111111111
1111111111111111111111111111111111111111111111111111111111111111
1111111111111111111111111111111111111111111111111111101111111111
1111011111111111111111111111111111111111111111100100111111111111
1111001111111111111111111111111111111111011111110000001111111111
1111111111101100011111111111111111111111111110111111011111111110
0111111111111111111111111111111111111111111110111111101001111111
0000111111111111111111111111111111111111111110011111110001100011
1110011111111111111111111111111111111111111100111111111111111111
1010011111111111111111111111111111111111100011111111111111111111
1111111111111111111111111111111111111111000101111111111111111111
1111111111111111111111101111111111111111101111111111111111111111
1111111111111111111111111111111111111110011111111111111111111111
1111111111111111111111111111111111111110001111111111111111111111
1111111111111111111111111111111111111111010111111111111111111111
1111111111111111111111111111111111111111100111111111111111111111
1111111111111111111111111111111111111101111111111110111111111111
0110111111111111111111111111111111111011011111111110111111111111
0110111111111111111111111111111111111010111111111111111111111111
0111111111111111111111111111111110000101111111111111111111111111
0011111111111111111111111111111100011101111111111111111111111111
1101111111111111111111111111110000011111111111111111111111111111
1111101111111111111111111111100011100111111111111111111111111111
1111111111111111111111111111100011100111111111111111111111111111
1111111100111111111111111111000111101011111001111111111111111111
1111111111111111111111111110001111100011111110111111111111111111
1111111111111111111111111000011111100111111111111111111111111111
1111111110111111111111110000111111001111111111111111111111111111
1111111111111111111111100011111111000011111111111111111011111111
1111111111101111111111000111111111001011111101111111111111111111
1111111111111100111110011111111111000111111101111111111111111111
1111111111111000000000000111111111001111111111111111111111111111
1111111111111100000000001111111111001111111111111111111111100111
1111111111111000111111111111111111000111111111111111111111100100
1111111111111000111111111111111111000111111111111111111111000000
1111111011100000111111111011111111001111111111111111111100110000
1111100000000001111111110111111111001111111111111111111000110000
1110001000001111111111110111111111001111111111111111111000000001
1001110000011111111111111011111111001111111111111111111000000001
1100001111111111111110101111111110001111111111111111111110011111
0000001111111111111110000011111100011111111111111111111111101111
1110001111111111111110000001111100011111111111111111111110001111
0000001111111111111111111011111110010111111111111111111111001111
0011000111111111111111111111111110011111111111111111111111111101
