1010011111101001111000011111111001111100111111111000101111111111
1101111111111111110111111111110000001101111101001011111100111111
1011000001101111111011111111001101100101100000001111011100111100
1000100100000011110000111111100111111100000111001111111101001100
1100010111000111000001011000010111100001111111100011011011111100
1111101010001111000011011010111100010010101111111110101111111011
0100011111111100101111100010110000110100000010110110111111111101
1111001111111110011001000011000111101000010011110110111111111101
1111111100111011011010110011111111001110011111110111110011111111
1111101101110001000011100100111011111111111111111111110011111110
1111101001110001001010011010111111111111110111001011111111111110
1111110001001111111111111111111111111111011111011111111111111110
0011100001101111111111111111111111111111111001111111111111111111
1001111011111111111110111111111111111111110011111111111111111111
1101111111111111111111111111111111111111000011111111111111111111
1111101110111111111111111111111111111111111111111111111111111111
1101110101111111111111111111111111111111101111111111111111111111
1110010111110111111111111111111111111111111111111111111111111111
1111110110000111111111111111111111111111111111111011111111111111
0111101111111111111111111111111111111111101111110011111111111111
1111011111101111111111111111111111111111100110110011111111111111
1100111011010001111111111111111111111111111111111110011111111111
1110110011100111111111111111111111111111001011101110110111111111
1111011111011111101111111111111111111100010010010111000111111111
1101100111111011111111111111111111111000101111110010010111111111
0001111101010111101111111111111111111111111111111101101110001101
1000111101100111001111111111111111111111111111111111100011101111
1111001111111111111111111101111111001110011110111111100000110001
0001101111111111111111101001111111001111110100011111110001111111
0101101101100000001111111011001111100111000010111111111110011111
1000011111111110011111111011101111111111001101111111111110011111
1111111111111111111111011111111111111110110111111111111111111011
1111111111111111111111111111111111111110001011111111111111111011
0111111111111111111111110011111111111111000111111111111110111111
0111111111111111111111111111101111111111001111111111111110111110
0111111111111111111111111111111101111110101111111111111111111111
0111111111111111111111111111111101111011101111111111011111111001
1011011111111111111111111101111111111111111110111101011111111001
1011011111111111111111111111000111100011011111110000011111100111
1111111011111111111111111111100101001101111111111101111111111111
1101111011111111111111111111101100010011111111111111011111111111
0011111110111111111111111111001101111101111111111111111111101101
1101110110111111111111111111010000010011111111111111111111101001
1111111110011111111111111111010101110011111111011001111111111000
1011111010010011111111111110001011111001111110001111111111111110
1111111001110111111111111101000101100101111101011101111111111110
1110001111110111111111110110011111000001111111110001111111111111
1111001111011001111111101000011110100111111111111000111011111111
1111111111111011111111010100111110100101111111111111111101111111
1111111110010110111100101001111110101000011010001100001111111111
1111111111000110000001010111111110100011111010011111101111111111
1111111111111100111100001111111110110111111111111111111111111111
0111111111111000111111110111111100110111111111110101001111011000
1011111111110100001110100111111110111111110011111101101111000010
1001111001100101011111110011111111111111111111111111111100100100
1101100100010001111001110111111110110011111111111111111110110111
1110010001111010111000111011011110110111111111111111111100110111
0110001000110000111110111011111110110111111111111110010100111000
1100111111100111111110010101111100010111111111111111110101001011
1010110011100111111111010011101101010111111111111111110001100011
1110110110111111111101101101111100000111111111111111101110010111
0100010110011111111101111110111110101111111111111111111101110011
1110011111100111111001010111111111011111111111111111111010010000
0100111000111110011111110011111101011011111111111111111111011010
