0110111111010110110111000111100110110011011001111110011111011110
0111000000111100111011001111101101110110011010111011111100001111
1111000010010110110111001110111001101110010111101111010110100111
0111000000111101111111010000111011010101101110111111001001110111
1110011001001000110010111110110111101100101000111101001100100011
0111111010010110111111111111011010110011110110000011001111111101
1010110000001110100101111000001001111011111001111011111101111000
1011011111000101010010011000011011110110000010101110010000111010
1110100011010101011101101011111110110001111001001011111101111110
1111110010111010100111001111010100011110011011011111111111111101
1111110110001110101101011100011111111110111011011111110011111101
0111101111110110000000110000011111111110111000001111111111111101
0001010011110101111110101111111111111111011110011111111111111100
1010110101110111100101011111101111111111000001111111101111111000
1011111110010011000000111111110111111110100011111111110111111111
0101110100010111110011111111111111111101111111111111111111111111
0111111101100101111111111111000101111110010110111111101111111111
0001011111101001111111111111001100111111111101111111001111011111
0000001110101000111111111111111000111111111110111111111111011101
0011111111111111011111111111110011111111010111101011111111111111
1110101111011111011011111111101111111111110011000111111011111111
1100010110101111011111110111111111111111111111111110111111111111
1110110101110011111111100111111111111110110011001110010111110000
1101101011111110010111001111101111100011001111010111001111110011
0010010110011111101111001111111111110010101110010101101010011111
0111101011111010111111111111110001111011111110001101011100010000
1000011110110010110111111110110000111111111110011011011000110111
0111011111111111111111011011100100110111001100111111100000100110
1011001100110111111111010110001111100110001110101111111010111111
1101001010110010011101100011101111101111110010111111111101011111
1111100001000101001001111101110111111110000000111111111111001111
1001111110101111111010011110111011111110001011111111110011111111
1011011111111111100110101110101111111000110101111111111100111111
1001111111111011100111111111101111111100011011110111111101011110
1100011110110001001110110000010111111110110011111011111111010101
1111011100110011111110001100000101111000101011111110111111111110
0110011001110111111100001110011111110111110100111101111111111011
1011011011100111111001111010011101110110111101111001111111001111
1101001111111111110000111001111111011110111000110101111111001111
1001110100111111111111001111111001000010111100111010011111100111
1111111100011111111101100101011010000000111111110111111111111001
1010101011001111110011111000101110110101111111110111111111011001
1110010100001100110011111111110001100011111110011111011111010011
1111110100101100111111111110100011000011111111001011011111110011
0111111111001101111100101111100101011100110111001111111111111011
1000111111101000111111011110011111110010100001100001111111111111
1101001111100110011111001100101111101010111111111101111011111110
1011100101110111101111000000000001011011110111100111111111100111
1110000101111101111110001100111011100010111011111001111001111110
1110000101111101000010011010011111101101101001100011010001111111
1111111110111011000100010000011011101000111111111000010111111111
0111111111010100000010001010111111001000001110011011111111101111
1011111111110011101100000011111110010000011110011010111110111110
0000111101101111011101011101111100001011101100110011000101111001
1100110110010010001111111100011100101011001000111001100000111000
1110010100011100000110110111001101100100111001110101111010100010
1100011110000100100001011011101101111011111111111100110110111101
0011101111010111001101011101001101011011111111111101111101001111
1111110010101000011110010111111010101011111111111001000010110111
0100000100001111101101000001010000111011111111111101100000101001
1101101000011111101011010101010010101000011111111101010110010011
0010101100111101010001011111010110000011011111111111000010010001
0111101111000011111111110111110001010010011110111111100100110011
0010011000110111001001111011011101001010011100011111111110110011
