0000000000000000000000000000000000000000000000001000011111111111
1000000000001100000000000000000000000000000000000011111111111111
1100000000000000000000000000000000000000000000001111111100101111
1100000000000000000000000000000111100000000100000011111011110011
0100000000000000000000000000001111100000001000000001101111111111
0011100000000000000000000000011110000000000000000011111111111111
0000111111100000000000000000011000110000000000010011111111111111
0000011111111111111100000000110001100000000000000011111111111111
0000111111111111111100000001110000000000000000000011111111111111
0000111001111000111000000000000000000000000000000011111111111111
0000000000110000000000000000000000000000000000001111111111111111
0000000001000000000000000000000000000000000000011111111111111111
0000000011100000000000000000000000000000000000111111111111111111
0000000111110000000000000000000000000000000000111111111111111111
1000111111110000000000000000000000000000000011111111111111111111
1000111010100000000000000000000000000000000011111111111111111111
0000000001100000000000000000000000000000111111111111111111111111
0000000111100000000000000000000000000000111111111111111111111111
0000000111000000000000000000000000000000001111111111111111111111
0000000111100000000000000000000000000000000011111111111111111111
1100001110000000000000000000000000000000000111111111111111111111
1100010010000000000000000000000000000000001111111111111111111111
1110100000000000000000000000000000000000000011111110001111111111
1111000000001110000000000000000000000000000011000000001111111111
1111000100000011000000000000000000000000001111001100001111111111
1111111100000000000000000000000000000001111111011111100111111111
1111111110000111000000000000000000000100111111011111100000000000
0111111110111111100000000000000000000110011110111111110001111111
0011011100001111100000000000001111001111111110111111111000111111
0000000000000000000000000011001111111111100101111111111100011111
0000000000000000000000011011111111111111011001111111111110001111
0000000000000000000000001111111111111111011111111111111111111111
0000000000000000000000000011111111111110111111111111111111111111
0000000000000000000000000001001111111111011111111111111111111111
0000000000000000000000000000000111111111101111111111111111111111
1100000000000000000000000000000111111111011111111111111111111111
1110000000000000000000000000000001111111111111111110111111111011
1110000000000000000000000000000001111110111111111000111111111111
1110000000000000000000001000000011111111111111110000111111111111
0111000000000000000000000100000000001011111111111001111111111111
0001010000000000000000000000000000000011111111111111111111111111
0000001100000000000000000000000000000011111111111111111111111001
1111101100000000000000000000000000000111111111111111111111110000
1111111110000000000000000000000000000011111111011111111111111000
0011111110000000000000000000000000000001111000001111111111111100
0000111111100000000000000000000000100000111100000001111111111110
0000011111110100000000000000000000000000111111110001111111111111
0000001110111000000000000000000000000001111111110000111111111111
0000000000111000000000000000000000000000111111110000011111111111
0000000000000000000000000000000000000000011100000000011111111111
0000000000000000000000000000000000000000011100000000011111111111
0000000000000000000000000000000000000000001100000000111111111111
0000000000000000000000000000000000000000001100000000001111101111
0000000000000000001100000000000000000000000000000000001111100111
1000000000000000001111100000000000000000000000000000111111111111
1100000000000000000001100000000000000000000000000000111111111111
1100000000000000000000000011000000000000000000000000111111111111
1110000000000000000000010111000000000000000000000000011111111101
1110000000000000000000011111100000000000000000000000000011100001
0001111111000000000000011111000000000000000000000000000001111111
0101111111110000000000011111000000000000000000000000000011111111
0010111111111000000000011100000000000000000000000000000011111111
0001111111111100000000111000000000000000000000000000000000011111
0011110001111110000001110000000000000110000000000000000000011111
