0000000000001110000001000000000001111100000000000111101111111111
0111000000010010000011000000000000000000000000000110011111111111
1001000000001110000011000000000000000000000000000011011011010111
0010000000000000000000000000000011000000001010000111100100101100
1011110000000000000000011000010110010001110100000010011111110011
0100010000000000000011011000001001110001111101100000011111111111
0001000000011110111111100000100111001000000110100111111111111111
0001101111111111111000000001001110011000011000110100111111111111
0000011000111001111000011110001110000000011000000101111111111111
0000000110110111000100000111100000000000011000001111111111111111
1000111011001110100000000010000000000000010000010011111111111111
0000000010111110000000000000000000000000010000101111111111111111
0000000101011100000000000000000000000000011000011111111111111111
1000111001101000000000000000000000000000010001011111111111111111
0101000000001000000000000000000000000000000000111111111111111111
0101000101010000000000000000000000000000111111111111111111111111
0000011110010100100000000000000000000001011111111111111111111111
0000011000010000000000000000000000000000011110111111111111111111
0000111000100000000000000000000000000000110011111111111111111111
0000111000010000000000000000000000000000001111111011111111111111
0000010101000000000000000000000000000000111011111111111111111111
1100101101000000000000000000000000000000110011111110011111111111
1111010011100110000000000000000000000000000001001101110111111111
1111111011010001000000000000000000000000000100001111110111111111
1111111010001100111000000000000000000000010111110011110111111111
0111111011001111110000000000000000011110011110111111001111111100
0111111101111000100000000000000000011011011110111111110111111111
0011111101001111010000000000100110001001101111011111101000100011
0110101011110000010001000001110010110110001101111111110111011111
0011001100000011100001110000110111000111111011111111111011101111
0000000000000000000001100101001111111111100111111111111111110111
0000000000000000000011110000101111111110101111111111111110000011
0000000000000000000000101100101111111111011111111111111111111011
0000000000000000000000110010110111111110101111111111111111110111
1100000000000000000000000000001111111111010111111111111110000000
0111000000000000000000000000001001111111101111111111111111100000
1111000000000000000000000000000110111110011111111101011111110101
1111000000000000000000001000010010111101111111110100011111110001
1111000000000000000000010111000000011000111111111101011111100111
1000100000000000000000001011100011010101111111110110011111100111
0110101100000000000000000101001000000001111111110000111111000000
1111110010000000000000000000000000000111111111111111111111000110
1000010010000000000000000000000000000011111111011111111111101101
1111111101000000000000000000000000000111111110101001111111110100
1100111100000000000000000000000001110010110111000001111111111010
0001111110010100000000000000000001000001010010111110111111111101
0000001111101010000000000000001001100001111100000000111011111110
0000000001010111000000000000000000001000111111110001111011111110
0000000101000100000000000000000000000001001000001000101001111111
0000000000001100000000000000000000000000001011000000101111111111
0000000000000100000000000000000000000000101010001111101111111111
0000000000000000000000000000000000000000110010001111001111111111
0000000000000000000000000000000000000000110010000000111111010111
1000000000000000010011100000000000000011100000000001110001011111
0100000000000000010010010000000000000010000000000001000001100111
1000000000000000001110010011000000000000000000000001011111111111
1110000000000000000001111100000000000000000000000000011111111100
0111000000000000000000101000110000000000000000000000100111110010
0001111110000000000000100001010000000000000000000001111100011111
1100111000100000000000101110110000000000000000000001100110000001
1010111110001000000000101100001100000000000000000000000100111111
1101111110000100000000101110000110000000000000000000000100011111
0010111111100010111001010110000010000110000000000000000111101111
0101111110111000111010001010000000000001000000000000000111101111
