1010000000011100000010100000000000111010010000010010000111111111
0001000000000000000111100000000010110000011000001101101100111111
0011000000000100000010000000000010000000000110000100011100011100
1001011000000000000000010000001000010000010010001101010101111100
1111101000000000000011100000000001000010111110000111000011101111
1101111110000000011111101000110101100010110010110100101111111111
1110010001011101011001011000010101101100011001101100111111111101
1011110000010000000011111110000110000100110111001111111111111111
1011100101010110000000000110101001100000111100001111111111111111
1001100111000111000110011010011000000000110000010001111111111111
0101100101001001011111000100000000000000101001000001111111111111
1101100110101101011110100000000000000000001001011111111111111111
1011000000111011100110000000000000000000110001001111111111111111
0111001010000111000010000000000000000000101011101111111111111111
0010010111100100000000000000000000000000011101011111111111111111
0011000101011100000000000000000000000000000101111111111111111111
1101100011001000010000000000000000000000100000111111111111111111
0000100011001100000000000000000000000001000001111111111111111111
0001000010111000000000000000000000000000010100111011111111111111
1000110110001100000000000000000000000000010101110111111111111111
1010111011100100000000000000000000000000001100010011111111111111
1011001100100000000000000000000000000000000100101100001111111111
1101011101011001000000000000000000000000011100111011100111111111
1100010100000000101100001000000000000000111001111010011111111111
1110100001010001100100000000000001011011111010010011011011111111
1111100100110100001000000000000000100010101111111101011000011010
0011111001111010110000000000100000001011111111111011111110111111
1000001011010000000000000001011011011111111101111111110110000111
1101100110010010011000100010000100000001110101011111100101001111
0110111110001100011110101101101010101111011010111111111110000111
0011001000000100111110100100000111111111101111111111111101011011
0011000000000001111100000111011111111111111111111111111111011101
0000000000000001100001010100010011111111001111111111111111000101
1100000000000000000000000110111111111110111111111111111110001010
1110000000000000000000110011111011111111001111111111111111110111
1010000000000110000000000000000000111110100111111100111100011111
1101000000001110000000000000011011111100001111110001111111101100
1111000000000000000000110101101111011001011111111111011111001000
0101000000000000000000100101111101101101111111111010011111001000
1010010000000000011100011011011100111101111111111100111111001010
1000101010000000001100001010110110001111111111111111011111100011
0001111010000000000000000000000000101101111111110011111111100100
0100010110000000000000000000000000001111111110111111111111001010
0000100010001100000000000000100001111101111001100010011111100010
1001111011110000000000000000000010000100011100111010111111110011
0011001001001010000000000100000010010011101001000001011111111110
0000100000001011000000000000010110010000000011111110010101111100
0000010001101100100000000000010011010110011011101011010001111111
0000001010000011000000000000000000000010010111010101110011111110
0000000001110110000000000000000000000001100000111111000001111111
0000000000001000000000000000000000000000000001010000100111111111
0000000000000000000000000000000000001101011000010001010110000011
0000000000000000001100000000000000001111010000000101010110110011
1100000000000000100011110000000000000100011110000000000110111011
1110000000000000000101111011000000000101000000000010001100011011
0110000000000000010110111111000000000010000000000000100000000011
0011000000000000000010110010100000000000000000000001001011100011
1000100100000000000001000011100000000000000000000001001001101011
0100101101100000000000010010111000000000000000000000010101011010
1010000110110000000000100001101100000000000000000000011010011110
1010101100100100000001111000110000000000000000000001001011000111
0101001101111110010001110011001100001111000000000000001000101111
1110000000000011010011000111000101000111000000000000001011111111
1010101010000101000111100101001111001010000000000000001010001111
