0101000111011101000110010000000010110001101001100001001001111111
0110100000101111000011000000000101001111100100011001110001111001
1000001010010001000101000000010101110001110001110001100111111001
1100100000011000000110101000000101010001100000001010100111000111
0111001001100100011100010110000111000011010101100011010110111100
1100111101111110101010100100110100101111111111010101000111111111
0110010010011011110111100110100111010000111011100000111111111110
0110001001101100110001001100001011011111100010110111011111111100
0101100011100010100011111001011111011000110010110010111111111111
1101001110101101100111010111010110000000100101101110111111111111
0100100101100101010110000111100000000000100010101111111111111111
1110111001110000100101010110000000000000111110100001111111111111
0101111000100111011111100000000000000000011111011111111111111111
1011010011001100100101100000000000000000011110011111111111111111
0001000010000011000000000000100000000000100111101111111111111111
0100100101111011110000000000000000001001001100001111111111111111
0000111110111011011011000000000000000010001111111111111111111111
1001010001110011110011000000000000000001101101011111001111111011
0000110000110110000000000000000000000001000111111011111111111001
1101000011000010000000000000000000000000110111110111111111111111
1000011011111010000000000000000000000001000110100000011011111111
0010111101011100000000000000000000000001010010010010110111111110
1000010001000010001100001100000000000001101110100100011011111110
1011001100100101000000010100000000001111011110001100100011111111
0101001000111100100110000001100010100101100101100010010111111111
1011000011000011001100000001100000011111110110000000110111100111
1010000000111101000000000010011110101011000110110111011011100101
1101000101110000111000000011001101111000111111110011100110010001
0000100100110101000010000111000000011110110001111111111010100111
0011011001110100011000101000010001001010011010111111110110011111
0111110100000011011001101010100110001110100110111111111000011101
0001100000101110010001001110010011011111000001011111011101000010
1001000000110001000010000011000111111101011011111111111111111110
0000000000100001100101001110100011111101100011111111111100001100
1101000000000100001101100111001100111100111111111111110101101111
1010100000001000000100100001011110111111100111110010011111010001
0100100000010001000000100000001011011111010111111000001001010110
0000100000001100000001010010011011111111011111100111001110101110
0010100000000000100100010000110011100001011111100011101110010011
0101111110000000100110001001110111100010111111110110100110010101
1010001011000000010010100010100101110101111111111001010110111100
1100110011100000000000000011111100000011111111100100001111101000
0111111111110000000011000001100001111001111100100001011110011000
1111011100110000000000000000010100000110000111000111111111111011
0111011101001110000000000000000100001000001001111101011101100001
1100011101011000000000001010001101011100001111011111111000111011
0001101110010000100000001000010011101111011110110011101100111000
0001110101010000110000000000101100101110000101010101100001111100
0000110011010000000001100010000000000110011101101010110000111111
0000010110110011000001100010000000100010100001111100000100111110
0000000000110010000111001100000000100111100100110001000000000000
0000000000000000000000000000000000010010010111110010001101100101
1100000000000001111011100000000000010011010011000011010000010001
0010000000001101000110011101000000001111010000000110111110001001
1000000000011000101101000100100001001111001100000000010010000101
1011000001000000001011011010100000001100000001000011001100100101
1010000000000000001100010111110011001000000000100001010100000001
1000011010000001000000111111101011001000000000000010011010000000
1110011011011000000001111101001011000000000000000010001010011110
1100001111111100000001110001101010001000000000000011010010101011
1011011001011000001000100110110010010001000000000000110100001000
1101010000110001101100011011010101111011100000000000010101110111
0101001000010101110111101111001111001111100000000000000011000110
0101011101000101111100111001110000100001100000000000001100010111
