0000000000000000000000000000000000000000000000001000000000000000
0001000000001100000011000000000000000000000000000000000000100000
1001000000000000000010000000000000000000000000000000000000000100
0000000000000000000000000000000011100000000110000000000000100000
0100000000000000000000000000000000000000001000000000000000000000
0001100000000000000000000000011000000000000000000000000000000000
0000010000000000000001000000000000110000000000110010000000000000
0000000000011111011100000000000011000000000000000000000000000000
0000100000000001111000000001100000000000000000000000000000000001
0000100000000000100000000000000000000000000000000000000000000000
0000000000000000000000000000000000000000000000000000000000000000
0000000000000000000000000000000000000000000000000000000000000000
0000000001000000000000000000000000000000000000000000000000000000
0000000011000000000000000000000000000000000000000000000000000000
0000010010000000000000000000000000000000000000000000000000000000
0000000000000000000000000000000000000000000000000000000000000000
0000000000000000000000000000000000000000000000000000000000000000
0000000000000000000000000000000000000000100000000000000000000000
0000000000000000000000000000000000000000000000000000000000000000
0000000000000000000000000000000000000000000000000000000000000000
0000001000000000000000000000000000000000000000000000000000000000
0000010000000000000000000000000000000000000000110000000000000000
0010000000000000000000000000000000000000000000011100000000000000
0000000000001110000000000000000000000000000000000000000000000000
0000000000000001000000000000000000000000000000000000000000000000
0001111000000000000000000000000000000001100000010001000100000000
0111100000000000000000000000000000000000000000010000000000000000
0111000000000100000000000000000000000000000010000000000000100011
0011000000000000000000000000000000000000000100000000000000000000
0000000000000000000000000000000000000000000000000000000000000000
0000000000000000000000001000000000000000000000000000000000000000
0000000000000000000000000000000000000000001000000000000000010000
0000000000000000000000000000000000000000000000000000000000000000
0000000000000000000000000000000000000000000000000000000000000000
0000000000000000000000000000000000000001000000000000000000000000
0100000000000000000000000000000000000011000000000000000000000000
0100000000000000000000000000000000000000010000000000000000000000
1010000000000000000000000000000000000000000000000000000000000000
1110000000000000000000001000000001001000000000000000000000000000
0100000000000000000000000000000000001000000000000000000000000000
0000011000000000000000000000000000000000000000000000000000000000
0000001000000000000000000000000000000000000000000000000000000000
0000000100000000000000000000000000000100000000000000000000000000
1100000100000000000000000000000000000010000011000000000000000000
0000000000000000000000000000000000000000000000001000000000000000
0000000001000000000000000000000000100000000000000000000000000000
0000001111100000000000000000010000100000000000000000000000000000
0000000000010000000000000000000000001000000000000000000000000000
0000000000011000000000000000000000000000000001000000000000000000
0000000000000100000000000000000000000000000000000000000000000000
0000000000000000000000000000000000000000000000000000000000000000
0000000000000000000000000000000000000000000000000000100000000000
0000000000000000000000000000000000000000000000000000000000000011
0000000000000000000000000000000000000000000000000000000000000111
1000000000000000000110100000000000000000000000000000000001111111
0000000000000000000000000000000000000000000000000000000111111011
0000000000000000000000000010000000000000000000000000011110111010
0110000000000000000000000000000000000000000000000000000110111000
0100000000000000000000010000100000000000000000000000000001000000
0000111000000000000000001000000000000000000000000000000000011000
1000011000000000000000111100000000000000000000000000000011111000
0000111000000000000000111100000100000000000000000000000000111000
0000111111000000010000010010000000000000000000000000000000000000
0011000000100100000000000000000000000010000000000000000000000000
