0000000000000000000000000000000000111100000000001000000001100000
1000000000000000000000000000000100000000000000000011111101011110
0000000000000110000001000000000000000000000000001100011100001110
0100000000000000000000000000000101000000000000000011100001000000
0010000000000000000000010000000111110001110100000000000011110011
0110010000000000000011001000000000000001110001100000011100001111
0000000011001100110010100000010000001000000010000101111000000101
0001011111100111011000000100000000100000010000110110000110000111
0000010000111110111100011100011110000000011000000010000000000010
0000000000110001011100000000000000000000000000000000000000000011
0000100000000000000000000000000000000000000000001000000000000001
0000000001000000000000000000000000000000010000010000000000000000
0000000010100100000000000000000000000000011000010000000000000000
0000011100100000000000000000000000000000000000000000000000000000
1001101101000000000000000000000000000000000000000000000000000000
0001100000000000100000000000000000000000100010010000000000000000
0000010001100100100000000000000000000000100010100000000000000000
0000000111100000000000000000000000000000011100000000000000000000
0000000100000000000000000000000000000000000110001000000000000000
0000100100100000000000000000000000000000000011000010000000000000
0100010110000000000000000000000000000000000110010011000000000000
0100100000000000000000000000000000000000001110001110001100000000
0100110001100010000000000000000000000000000001110010000100000000
0001011000010000000100000000000000000000000000000000000100000001
1001000000010010101100000000000000000000001101000000011100000001
1110000000000000000000000000000000000010011010011100000010011100
1000011100000000000000000000000000001111110010000001100010000000
0000101111111010100000000000100100000110000100010000000001110100
0110101100001110110001000000001110000110110000100000010001111111
0011001000000000000000100011000101000001100001101000001000000000
0000000000000000000000110001000100110001000001100000000110000000
1000000000000000000000001100000000000000010111100000000011001011
0000000000000001000000100000100000000010011000000000000000001000
0000000000000000000000110000000100000110001000000000000000010000
0100000000000000000000110000000100000010100000000001100000000000
1000000000000000000000000000000100000100000000000111110000000000
1010000000000000000000000000000000000110001000001100000000000001
0100000000000000000000000000010001001100110000000000000000000001
0000000000000000000000010001000010110100100000000000000000000101
1011100000000000000000001101000000000001000000000000000000000110
0001100000000000000000000000001100000000000000000000010000000000
0000110110000000000000000000000000000010000001100000000000000001
1100000010000000000000000000000000000010000001011000000000000000
0011111010000100000000000000000000000101000000001000000001110000
0000111100000000000000000000000000000000000000000001000000000000
0000111110100000000000000000000001000000000000000000000000000110
0000000000010110000000000000001001000000000110110000000000000000
1000000110101000000000000000110000000000000000000000001000000000
0000000100100000000000000000000000000010011000110000111000000000
0000000000000010000000000000000000000000001000000000001000000000
0000000000000100000000001000000000000000001000000000000100000000
0000000000000000000000000000000000000000001100011001011100000111
0000000000000000000000000000000000000000011110000000001100000100
1000000000000000001100000000000000000010000000000000000001101100
0000000000001000001001010000000000000010000000000000000000111101
1100000000000000000001110010000000000000000000000000111000111011
1100000000000000000000010011000000000000000000000000100010111001
1000000000000000000000010111000000000000000000000000011010100100
1010001000000000000000000001010000000000000000000000010010100001
1001100111100000000000110111000000000000000000000001100001100001
0111010100110000000001011001000000000000000000000000000000110111
1110110100111000000000011010000010001001000000000000000011010111
0001111000100100001001111100000011000110000000000000000010011111
0001001001011010001001110000000000000100000000000000000000011001
