1000000011001101100001000110000101000010000000000000000001010000
1010000000010010000111100000000010000000000000000010110011001101
0100000000001100000101000000010000000000000111101011011000000010
1000001010000000000000010000000010010000000100000011000000010000
0101101001101100000000001000011100000010000100000000001110100110
0010000000000000000010011000010100000010100001100010000010010011
0000101101000010011100000100010001000000000100000000100111001010
0000001000100000011001001000110101101111111010000000001001001001
0000001000010011000100010010011001000010011000000100000111100111
0000000001100000011100010110000000000000011000011010000001110001
1100000001100000000110000010000000000000010001010001000000110010
1100000010000110000100110000000000000000001000001101000000110001
0000000001100001100110000000000000000000010000000010000000111001
1000100000110001100000000000000100000000010000000000000000110001
0000100100100000000000000000000100000000000010010000000100000000
0001100110000001010000000000000101100001011101100000011110000000
0000101000000001010000000000000000000000000001010000000000000000
0000000100000000000001000000000000000001011110101000000000110000
1000000010000000000000000000000000110000111110101000000000111000
0000110010011110000000000000000000000000000000001001100000010000
1000000100000101000000000000000000000000100000000110111011000000
0000001010000000000000000000000000000000111100011110010011000110
0000100001000000000000000000000000000000000000101000000010000111
1011000001000001000000000000000000000000010000000000011000000010
0100000100101001110000000000000000000000000110010000001010001010
0100100101000000001000100000100000111111110100001000100111001000
1010110011100010000000010000100000010000000010000010100100000000
0011110110111001110000010001000010000000001100000000100001000011
1101011100010111100000100000001101000000001000001100001110011001
0000011000000000001001110001001000100000100001000100010100000000
1000011000000100011000010000000000001000001001001100011000000000
0000000000000111011000001110101000010000001111010000011110100000
0001000110000000000001001000001000110100010000000000000111010000
0000000000000000000000110001101000110000000000000000000000100110
1000000000000000000000000000000111011111000111001010010000000000
0010000000000110000000000000000000001000100001001000000001100011
1000000000000110000000000000010000001111000000110110010001110001
0100000000000000000000001000011000111000011000111100011110001000
1110000000000000000000000100000100011001010000000000011111000010
1011010000000000111100000011100110011011100100001000011101101001
0001110110000000001100000001000000000011000011100000001000000001
0001001110000000000000000000000000100001000010000011111001001000
1001101100000000000000001000000000001010000010110111000011100001
0010100010001000000000000000100100000100100100000000000010011000
0011000010000010000000000000000001110000000001000110100000111010
0000000010100100000000011100001000110000000100000001001000001010
1000000011100100000000111000101000000100111100010000101000000010
0111001000000000100000000000000000010101110011111000110001110010
0000000001110100000000000110010100001100100110110000010001111000
0000000000001001000000001110000000100000000000000000000101110000
1100000000000110000111000100000000000000000100011111001010010001
0100000000000000000000000000000000001000010110000110010000000000
0000000000000000000000000000000000000000001100000000000010000100
0000000000001100001110100000001000000001110000000000000011110011
0100000000010100001001000000000001100101000000000000100100000110
1100000000000100001110100011000001000000000000000001001011111010
1110000100000000100000000101000011000000000001001000000110101011
1010000100000000100000010001110011001000000000001000011110111101
1110100110000000000000001011011000000000000000000001101110011001
1001110011100000000010111101101000000000000000000001010010100100
1101000011111000000010001110011100000000000000000001000100001100
0101000110011100010101011100000010000010000000000000000101101100
0011000000100010100000101001000110000111000000000000000001001010
0101000000011000000000100011000001000101000000000000001110000111
