1000000000001111000001100111111111110000000111111111111111110011
0000000000000000000000011111111111100100001111111111111111100011
0000000000000000000111111111111100001101111111111111111111000111
0000000000000000011101111111000110000111001111111111111111101111
0000000000000000001100000000000010000011111111111111111111100111
0000110000000000000000000000000000111111111111111111111111001111
0000110000000000000000000000000011110111000001111110011110011111
0000000000000001111000000001100000111000011000000000000110011111
0000000000000001111000000011000000000011111100110011110110011111
0000100010000111000000001000000000000111111111111111110000011111
0000010000000100011100000000001100111111111111111111111100111111
1110000000000000111000000100001001101111111111111111111000111111
1110000100011110000000000110000000111111111111111111111011111111
1011000000000000000000000000000000111111111111111111110011111111
0000000000000000000000000000000010111111111111111111111001111111
0000000000000000000000000000000111111111111111111111111101111111
0000000000000000000000000100000111111111111111111111111100111111
0000000000000000000000000000001111111111111111111111111100111111
0000000000000000000000000000111111111111111111111111111100111111
0000000000000000000000000001111111111111111111111111111100111111
0000000000000000000000001111111111111111111111111111111110111111
0000000000000000000000001111101111111111111111111111111100111111
0000000000000000000000000101111111111111111111111111110001111111
0000000000000000000000000000111111111111111111111111111001111111
0000000000000000000000000001111111111111111111111111111101111111
0000000000000000000000000011111111101111111111111111111001111111
0000000000000000000000000000111111100001111111111111111001111111
0000000000000000000000000000010000000011111111111111111000111111
1000000000000000000000000011110000000011111111111111111110011111
0000000000000000000000111111100111110001111111101111110000001111
0000000000000000000011101111100111111000000000000011110001000011
1000000000000000100001100111100111111100001000110001111111100011
1000000000000011110001111111001111111100001111111001111000000011
0000001000110011111011111000011111111111000111111001111001000111
0000001110111011111111110000011111111111100011111011110011111111
0000000011111111111111110011111111111111110111111011110111111111
0000000001111111111111100111111111111111111111111011110111111111
0000001000111011111111100011111111111111111111110001100111111111
0000000000000001111111110001111111111111111101111000110111111111
0000000000000001011111110011111111111111111111111000000111111111
0000000000000000011111100111111111001111111110011110000000111111
0000000000000100011111001111111110000111111110011110011000011111
0000000010000000111110001111111100001111111001111111001111001111
0000000011010000000010011111111110001111111111111011001111101111
0000000000000000000000011111111111111111111111111001111111100011
0000000000000000000000111111111111111111111010011000010011100000
0000000000000000000001111111111111111111111000000010011111110000
0000000000000000000000111111110010111111111110000011111011111100
0000000000000000000000001110000011111111111111100000011011111100
0000000000000000001000001111000000011111111111100001110011111100
0000000000000000010000001111111100011111111111101011100111111110
0000000000000000000000011111111100001110111111110010111111111111
0000000000000000000000001111111100001110011111111110111111111111
0000000000000000000000000010000000000011111111111111111111111111
0000000000000000000000000111000000000011111111111111111111111111
0000000000000000000000000011000000011111111111111111111111111111
0000000000000000000000000011000000000011110001111111111111111111
0011100000000000000000000000000000000001111001111111111111111111
0011111100000000000000000000000000001111011111111111111111111111
0000011100100000000000000000000000001111111111111111111111111111
0000000100110000000000000000000000001111111111111111111111111111
0000000101111000000000000000000000000111111110011111111111111000
0000000100011100000000000000000000000000010000011111111111111100
0000000111110000000000000000000000010000001111111111111111111100
