0111111111110000111110011000000000001111111000000000000000001100
0111111111110000111110011000000000001111111000000000000000001100
1111111111111111111111100000000000011011110000000000000000010110
1111111111111111111111100000000000011011110000000000000000010110
1111111111111111111000000000000011110010000000000000000000101000
1111111111111111111000000000000011110010000000000000000000101000
1111111111111111100010000000111001111000110000000000000000010000
1111111111111111100010000000111001111000110000000000000000010000
1111111111111111110011111111111101111100000000000000000000011000
1111111111111111110011111111111101111100000000000000000000011000
1111001111111111101111111111111111000000000000000000000000110000
1111001111111111101111111111111111000000000000000000000000110000
1111001111111100000000111111111100001000001110000001000001100000
1111001111111100000000111111111100001000001110000001000001100000
1111111111111010000111111110000011000111100111111111111001100000
1111111111111010000111111110000011000111100111111111111001100000
1111111111110110000100111100101001111000000011001100100001100000
1111111111110110000100111100101001111000000011001100100001100000
0111011101101000111100110111111111111000000000000000001111100000
0111011101101000111100110111111111111000000000000000001111100000
1111101111001011100011001111110011000000000000000000000011000000
1111101111001011100011001111110011000000000000000000000011000000
0001011111111111000111111011110110010000000000000000000111000000
0001011111111111000111111011110110010000000000000000000111000000
0001011011100001111111111001111111000000000000000000000100000000
0001011011100001111111111001111111000000000000000000000100000000
0100110111111111111111111111111111000000000000000000001100000000
0100110111111111111111111111111111000000000000000000001100000000
1111111101111111111111111111111101000000000000000000000110000000
1111111101111111111111111111111101000000000000000000000110000000
1111111111111111111111111111111000000000000000000000000010000000
1111111111111111111111111111111000000000000000000000000010000000
1111111111111111111111111011111000000000000000000000000011000000
1111111111111111111111111011111000000000000000000000000011000000
1111111111111111111111111111110000000000000000000000000011000000
1111111111111111111111111111110000000000000000000000000011000000
1111111111111111111111111111000000000000000000000000000000000000
1111111111111111111111111111000000000000000000000000000000000000
1111111111111111111111111110000000000000000000000000000011000000
1111111111111111111111111110000000000000000000000000000011000000
1111111111111111111111110000000000000000000000000000000001000000
1111111111111111111111110000000000000000000000000000000001000000
1111111111111111111111110000010000000000000000000000000011000000
1111111111111111111111110000010000000000000000000000000011000000
1111111111111111111111111010000000000000000000000000001010000000
1111111111111111111111111010000000000000000000000000001010000000
1111111111111111111111111111000000000000000000000000000000000000
1111111111111111111111111111000000000000000000000000000000000000
1111111111111111111111111110000000000000000000000000000010000000
1111111111111111111111111110000000000000000000000000000010000000
1111111111111111111111111100000000010000000000000000000110000000
1111111111111111111111111100000000010000000000000000000110000000
1111111111111111111111111111000010011110000000000000000000000000
1111111111111111111111111111000010011110000000000000000000000000
1111111111111111111111111111100011111100000000000000000001000000
1111111111111111111111111111100011111100000000000000000001000000
0111111111111111111111111100001111111100000000000000000001100000
0111111111111111111111111100001111111100000000000000000001100000
1111111111111111111111000000011100001010000000010000001111110000
1111111111111111111111000000011100001010000000010000001111110000
1111111111111111111100010000011000000101111111111100001110111100
1111111111111111111100010000011000000101111111111100001110111100
0111111111111111011110011000011000000010110111011110100000011100
0111111111111111011110011000011000000010110111011110100000011100
