0100000000001110000010011011001011001000001000111111101111010011
0100000000001110000010011011001011001000001000111111101111010011
1000000000011000000111101111111001001000010001111111111111001101
1000000000011000000111101111111001001000010001111111111111001101
0000000000000000011000111111000111100010001101111001111111111111
0000000000000000011000111111000111100010001101111001111111111111
0000000000000000001010110000100001000000111111111101111111001111
0000000000000000001010110000100001000000111111111101111111001111
0000010000000000010011000000000001100101111111111100011101001111
0000010000000000010011000000000001100101111111111100011101001111
0000000000000000010000000100000001110111001111111111011110011111
0000000000000000010000000100000001110111001111111111011110011111
0000000000000011111111000001000000111110110011001111101111111111
0000000000000011111111000001000000111110110011001111101111111111
0000000100000100110000000010011100110100101100010100001011100011
0000000100000100110000000010011100110100101100010100001011100011
0000000110001011100111011110010110110100111111111101011011110111
0000000110001011100111011110010110110100111111111101011011110111
1000010100010110111011010101011000111011111111111111110011111111
1000010100010110111011010101011000111011111111111111110011111111
0100101000110011101010110000100001101111111111011111111110011111
0100101000110011101010110000100001101111111111011111111110011111
1111100001001111000111000010100100010111111111111111111101111111
1111100001001111000111000010100100010111111111111111111101111111
1011100011101001110000000000000001011111111111111111110001111111
1011100011101001110000000000000001011111111111111111110001111111
0100001001111100000000001110000111111111111111111111111011111111
0100001001111100000000001110000111111111111111111111111011111111
0001100010100000000000001100010101011111111111111111110010111111
0001100010100000000000001100010101011111111111111111110010111111
0001001000000000000000000110001011111111111111101101111000111110
0001001000000000000000000110001011111111111111101101111000111110
1001100000000000000000000010011111111111111111111100111111100110
1001100000000000000000000010011111111111111111111100111111100110
1000000000000000000000000100110111111111111111111111111100111111
1000000000000000000000000100110111111111111111111111111100111111
0000000000000000000000000000000111111111111111111111111011111111
0000000000000000000000000000000111111111111111111111111011111111
1000000000000000000000001110111111111111111111111110111111111111
1000000000000000000000001110111111111111111111111110111111111111
1100110000000000000000010011101111111111111111111110011110111110
1100110000000000000000010011101111111111111111111110011110111110
1100110000000000000000010111011111110011111111111111111000011110
1100110000000000000000010111011111110011111111111111111000011110
0000000000000000000000001010101110111111111111011111111100111111
0000000000000000000000001010101110111111111111011111111100111111
0000000000000000000000000001111100111111111111111101110110111111
0000000000000000000000000001111100111111111111111101110110111111
0000000000000000000000001010100100111111111111111001111100011111
0000000000000000000000001010100100111111111111111001111100011111
0000000000000000000000001101101111110111111111111011111000101111
0000000000000000000000001101101111110111111111111011111000101111
0000000000000000000000000010010101111011111111101111110011100011
0000000000000000000000000010010101111011111111101111110011100011
0011000011000000000000000101101100001101111111111111111111011011
0011000011000000000000000101101100001101111111111111111111011011
0111000000000000011100000101100001000101111111111111110111001111
0111000000000000011100000101100001000101111111111111110111001111
0010000000011000001111001111110011011101100010010111110011010111
0010000000011000001111001111110011011101100010010111110011010111
1000000000001000000100010111110110111010100000000111111010110111
1000000000001000000100010111110110111010100000000111111010110111
0100000000011111000010011011101111111001011101101011011000010111
0100000000011111000010011011101111111001011101101011011000010111
