1111111111110000111100011100110000001111110011101000110100101000
1111111111110000111100011100110000001111110011101000110100101000
0111111111101111001110110000001110111010110110001011001100100100
0111111111101111001110110000001110111010110110001011001100100100
1111111111111011101111000010001010010100010010000111000010101010
1111111111111011101111000010001010010100010010000111000010101010
1111011101111011100110000110011010011011110000000010011000110000
1111011101111011100110000110011010011011110000000010011000110000
1000101111111100100010100110011110011110011000000011000011101000
1000101111111100100010100110011110011110011000000011000011101000
1101111111111111110000111011110110001000111010100101110011111000
1101111111111111110000111011110110001000111010100101110011111000
1101001111111111111111001100111101001010111011110001010001110000
1101001111111111111111001100111101001010111011110001010001110000
1101101011010100110100011101011111111110000000101001001111110100
1101101011010100110100011101011111111110000000101001001111110100
0000111101101110110011111100010110011101101011000100001000000000
0000111101101110110011111100010110011101101011000100001000000000
1000011100010011100111100110111000101011000000110001100010010000
1000011100010011100111100110111000101011000000110001100010010000
1010011111101110000110110001111111011110000000100000110001000000
1010011111101110000110110001111111011110000000100000110001000000
1001001110011101011000101000010010111001000000000000011110100000
1001001110011101011000101000010010111001000000000000011110100000
0101000011010101101011101001111111100000000000111000010000000000
0101000011010101101011101001111111100000000000111000010000000000
1100101100100011111111110111110000000000001000000000001001000000
1100101100100011111111110111110000000000001000000000001001000000
1100010011110111111111110111100011100000000000000000011101100010
1100010011110111111111110111100011100000000000000000011101100010
1110110101111111111111111101110100000000000000010010000010000001
1110110101111111111111111101110100000000000000010010000010000001
0111011011111111111111111011001000000000000100000011000000011001
0111011011111111111111111011001000000000000100000011000000011001
0101111111111111111111111111010000000000000000000000001000000000
0101111111111111111111111111010000000000000000000000001000000000
1101111111111111111111111100101000000000000000000010011111100011
1101111111111111111111111100101000000000000000000010011111100011
0111111111111111111111111000010000000000000000000111000110100110
0111111111111111111111111000010000000000000000000111000110100110
1011001111111111111111101100010000000000000000010111100011000001
1011001111111111111111101100010000000000000000010111100011000001
0011001111111111111111101000110010001100000000000011000011100001
0011001111111111111111101000110010001100000000000011000011100001
1111111111111111111111110011010011000000001100100001001001000000
1111111111111111111111110011010011000000001100100001001001000000
1111111111111111111111111100010010100000000000000010100111100000
1111111111111111111111111100010010100000000000000010100111100000
1111111111111111111111111101001000000000000000000110010010100110
1111111111111111111111111101001000000000000000000110010010100110
1111111001111111111111111110011101010011100000000100000001010000
1111111001111111111111111110011101010011100000000100000001010000
1111111111111111111111110101001001000110000000010000000100111101
1111111111111111111111110101001001000110000000010000000100111101
1000111100111011111111101010100010110001000000111000000110000100
1000111100111011111111101010100010110001000000111000000110000100
0111111011111101100011111111010010110010000000000000011101010000
0111111011111101100011111111010010110010000000000000011101010000
1101011011100101110111010010110010011011000101000000101000000000
1101011011100101110111010010110010011011000101000000101000000000
0111111100110111101100011000100101010101001000000100011110100110
0111111100110111101100011000100101010101001000000100011110100110
1111111111111001011111100101011100000001011111101010011111110111
1111111111111001011111100101011100000001011111101010011111110111
