1000000000001110000001111111111111110000000111111111111111111011
0000000000000000000000111111111111100000001111111111111111100111
0000000000000000000111111111111110000100011111111111111111101111
0000000000000000001111111111000110000111011111111111111111111111
0000000000000000000100000000000010000111111111111111111111101111
0000000000000000000000000000000000111111111111111111111111111111
0000000000000000000000000000000001111111001111111111011111111111
0000000000000001111000000001000000111110111100111101111111111111
0000000000000011111000000011000000011011111111111111110111111111
0000000000000111000000000000000000111111111111111111111011111111
0000000000000110011100000000000100111111111111111111111110111111
1111000000000100011000000000000000111111111111111111111111111111
1110000000011100000000000000000000111111111111111111111011111111
1100000000000000000000000000000000111111111111111111111011111111
0000000000000000000000000000000011111111111111111111111011111111
0000000000000000000000000000000111111111111111111111111111111111
0000000000000000000000000000001111111111111111111111111111111111
0000000000000000000000000000001111111111111111111111111100111111
0000000000000000000000000000111111111111111111111111111100111111
0000000000000000000000000001111111111111111111111111111111111111
0000000000000000000000001111111111111111111111111111111111111111
0000000000000000000000001111111111111111111111111111111110111111
0000000000000000000000000011111111111111111111111111111001111111
0000000000000000000000000001111111111111111111111111111001111111
0000000000000000000000000001111111111111111111111111111111111111
0000000000000000000000000011111111111111111111111111111001111111
0000000000000000000000000000111111100011111111111111111001111111
0000000000000000000000000000110000000011111111111111111001111111
0000000000000000000000000011110011000011111111111111111111011111
0000000000000000000000011111110111111001111111111111110011011111
0000000000000000000001111111110111111000100000000111111111110111
1000000000000000000001100111101111111100011111111011111111110111
1000000000000011110011111111111111111110001111111111111000010111
0000000000110011111111111101011111111111000111111111111011111111
0000000110111111111111110010011111111111100011111011111111111111
0000000011111111111111110111111111111111111111111011110111111111
0000000000111111111111111111111111111111111111111011110111111111
0000000000000011111111111111111111111111111111110001110111111111
0000000000000001111111111011111111111111111111111000110111111111
0000000000000001111111111111111111111111111111111000100111111111
0000000000000000011111111111111111101111111110111110010001111111
0000000000000000111111101111111110001111111111111111011010111111
0000000010000000111111111111111100001111111111111111001111101111
0000000000010000000010111111111110011111111111111111011111111111
0000000000000000000000111111111111111111111111111001111111110111
0000000000000000000000111111111111111111111110011000111011110001
0000000000000000000001111111111111111111111110000000111111111100
0000000000000000000001111111110111111111111110000011111111111111
0000000000000000000000001110000011111111111111000000111011111101
0000000000000000000000001111000000011111111111100001111011111110
0000000000000000000000001111111100011111111111111011110111111111
0000000000000000000000011111111100001111111111110010111111111111
0000000000000000000000001111111100001111111111111111111111111111
0000000000000000000000000111000000000111111111111111111111111111
0000000000000000000000000111000000000111111111111111111111111111
0000000000000000000000000011000000001111111111111111111111111111
0000000000000000000000000011000000000011111011111111111111111111
0011000000000000000000000000000000000011111001111111111111111111
0011111000000000000000000000000000001111111111111111111111111111
0000111000000000000000000000000000001111111111111111111111111111
0000000000110000000000000000000000001111111111111111111111111111
0000000101110000000000000000000000000111111111011111111111111100
0000000111111000000000000000000000000000111000011111111111111100
0000000111110000000000000000000000000000001111111111111111111100
