0100000000000001000010000111111111001000001011111111111111110111
1000000000001110000111001111111101011100010011111111111111111011
0000000000000000011000111111000101101011101111111111111111010111
0000000000000000010000000000100001000000101111111111111111101111
0000000000000000011011000000000001111011111111111111111111110111
0000110000000000000000000000000001110111111111111111111111001111
0000110000000000000000000000000010110110110001111110111110011111
0000000000000000110000000010100001111001011011000010001110011111
0000000110000101100100011100000000100101111100110011111110010111
0000110110000010111100011111011000000011111111111111110100011111
1111111000001001100010000001101001111111111111111111111101011111
1110000000011011100110000110001101001111111111111111111000111111
1011000111100011100000000110000001111111111111111111110101111111
0011000001111100000000000110000011111111111111111111110111111111
0000100000100000000000000100000000111111111111111111111101111111
0000000000000000000000000110001011111111111111111111111101111111
0000000000000000000000000110000111111111111111111111111100111111
0000000000000000000000000100010111111111111111111111111111111111
0000000000000000000000000000001111111111111111111111111111111111
0000000000000000000000001110111111111111111111111111111100111111
0000000000000000000000010011111111111111111111111111111110111111
0000000000000000000000000111101111111111111111111111111101111111
0000000000000000000000001100111111111111111111111111111111111111
0000000000000000000000000000111110111111111111111111111111111111
0000000000000000000000001110111111111111111111111111111101111111
0000000000000000000000001100111111100111111111111111111111111111
0000000000000000000000000000010011011101111111111111111011111111
0000000000000000000000000001000011111101111111111111111110011111
1100000000000000000000000101111100111101111111111111111110111111
1000000000000000000111101111101111110011111111101111111100100111
1000000000000000000110000111101111111101011111111011110001001011
0100000000001001100010011111110111111010101000110101111111101011
0100010000011100101101100111001111111101110111111001111111101111
0000011100001101110001111010111111111110111011111001111100000111
0100011001010001111111111101111111111111010101111111110011111111
0000011100001011111111111011111111111111100000110111111111111111
0000001011000011111111100111111111111111111111110111101111111111
0000001100111101111111100011111111111111111101111011101111111111
0000000000000011111111110101111111111111110000000101101111111111
0000000000000010011111110011111111111111111000000100011111111111
0000000000000001101111100111111111010111111101010001101110111111
0000000010000110001111011111111101110111111100011110100101011111
0000000101110000000110001111111111010111111001111110111111011110
0000000011101000110101011111111101100111111001111001101111101111
0000000001110010000000011111111100000111110000001110100011101011
0000000000000000000001111111111111111111110001100111010111101110
0000000000000000000000111111110111111111111001011111010011110011
0000000000000000000000111111101010011111111101000100111011111100
0000000000000000001100010101110000011111111100100011010111111110
0000000000000000011000010100111111101111111111011110000101111101
0000000000000010011000011111101100001110111111100100101001111110
0000000000000000000010001111111100011110011111101101011111111111
0000000000000000000000010110000010000110011111110110011111111111
0000000000000000000000000010110000001011111111111111111111110111
0000000000000000000000001010100011111001111111111111111111111111
0000000000000000000000001100100010110011111111111111111111111111
0000000000000000000000001100100000001111100101111111111111111111
0000111000000000000000111000000000001100110111111111111111111111
0100000100000000000000100000000000010000011001111111111111111111
0011000100110000000000000000000000010111111111111111111111111111
0000011111100000000000000000000000000111111101001111111111111111
0000001010001000000000000000000000001001111100101111111111111011
0000001000010100000000000000000000001111000111111111111111111010
0000001011101100000000000000000000011001110000011111111111111110
