1110000000011111000000000011101000100000010101111111111111110101
0100000000010001001011010111001010000110110101111111111111110111
0000000000000010001001000010001001011011100101111111111111101111
0000000000000000011000110110001000111011101111111111111111000111
0000110000000000001010111110000100100000011111111111111111011111
0001111000000001101100000110000011001011001111111111011110011111
0001100000000000110000000001000011000011000011001111101111111111
0000100100000010000100000100100010010101001111000010000111100111
0001111001000000010000101100100001110010111111110101111010001111
0111101010001101111000101100111101001111111111111111110110011111
0100110110000101001010000110011011001111111111011111110001111111
0000111111101011100001001101101011111111111111111111111100111111
0101000001101010011000001111000111011111111111111111111011111111
1011100110100000000000001100000100011111111111111111111111111111
1101000001000000000000001010010110011111111111111111110101111111
0111101000000000000000000000010001111111111111111111111000111111
1011100000000000000000001100010011111111111111111111111111101111
0000000000000000000000000010111111111111111111111111111111111111
0000000000000000000000000001010111111111111111111111111001111111
1000000000000000000000010010011111111111111111111110111110111111
1100000000000000000000000100001111111111111111111111111100111111
1000000000000000000000011001011111111111111111111111111001011111
0000000000000000000000000101001110111111111111111111110010111111
0000000000000000000000000110011101111111111111111111110110111111
0000000000000000000000000001000100111111111111111111111000111111
0000000000000000000000000001001011001011111111111111111110111111
0000000000000000000000000111001110111101111111101111110100111111
0011000000000000000000000110011110100101111111111111110100111111
1011000000000000001110111110100100110110111111111111110000101111
0110000000000000001000100011111111010110100010010111101100001111
1100000000001000101010001111111110110111011111111111010010101111
1110000000010110010111111011011111111101000001011111111001011011
0110001000100001000000011001000111111001010011111101110111101011
1111101011011000101011110010101111111101100001111011101101001011
0011101001101011111011111111111111111111111110111101100010011111
1111100001110101111111101101111111111111110111111101111011111111
1000010101011100111111100011111111111111100000100001111111111111
0000000001111111111111000110111111111111100010001100110111111111
0000001100111110111111110011111111111111101101110001010011101111
0000000000000000001111100001111111001111100101111111011001100111
0000000000000110111111000011111100011111111011001110000100000111
0000001101011001010110010111111101000111110010101110110111001110
0000001001011111011011011111111100100111110010011001110010010111
0111000111100111101111111111111101001111110010000010100111000100
0011000010001101100011111111111111111111111000110101010111111101
0000000000000000000011011111111100111111111001001101000101100010
0000000000000000001011111111101111111111110000101111001101101001
0000000000001000011110011111011000101111111000101011010101111000
0000000000000000110001111010001110101111111110111100001101111010
0000000001000000101100111010100110010111111110100000110010101100
0000000000000101100101100100010011100101011111000001001011101100
1000000000000000110101100011110010110000111111111111100000011110
0000000000000000000000100001111101010000111111101011111110010011
0000000000000000000000011000001111110000011111111111111111101011
0000000000000000000000000000010100001011111111111111111111100101
0000000000000000000011000110000101010101100000111111111111111111
0011000000000000000011110100000001010101110100111111111111111111
0100111100000000000001000111000000010101001110111111111111111111
0001111100110000000001010000000000100011000110111111111111111111
0101001111110000000000000000000000101000000000111111111111111111
0000101100011000000000000000000000010010111010111111111111111100
0000010000111100010000000000000000000010011010111111111111111011
0000000100101110000000000000000000010101010110101100111111111101
0000001000011011000000000000000000000110110011111101011011111001
