0001000000110111101100100000010010001110100000111111100111001111
1110000000111000011100011000110110101000001111111111111111011011
1000000000001001101110001101100100011100011010111001111111010011
1000000000000000100100111010110001001110110110111101111011001011
1000011000000000101011100111011101000001101111001100011101011011
0000110000000010110011111001010110000100001110111111111111001111
0000011000000101101000001000111110111101110010110011011111010111
0001011010000000100110011000000001101001100001010111000011000011
0010000100100000111100010110011000100111111011001100101001011011
1001111001001101111111011111100101010101111111111111100111000111
1111011001001001100101001100111000001111111111101111101111101111
1100000011001000100100111010110101110111111111001111110001111111
1101111110010110110110001100111000001111111111111111111110111111
0011100101110011100000001001010001101111111111110011100001111111
1111011111011100000000001101101100111111111111111111110110111111
1001010111000000000000001001100110111111111111111111110000101110
0101110000000000000000000111010111111111111111111111111000010110
1101100000000000000000001001100011111111111111111111111001000110
1000100000010000000000000110111011111111111111111110111110111111
0100000000000000000000001100001111111111111111111111011100011110
1010110000000000000000101101110111111111111111111110011110001110
0100110000000000000000010010010111110011111111011111111001111110
0000000000000000000000010101111101111111111110011111110110011111
0000000000000000000000001110111101111111111111111101110001111111
0000000000000000000000010010101000000110111111111101110100111111
0010000000000000000000010100000100100101111111111111110101111111
1011000000000000000000011011101001000010011111111111110101101111
1000100111000000000000101111000000011010111111111111101001111111
0011100001010000010101011001011000100101111111111111100101001111
0111000000011100110011110111110000001001011101000110011011101111
0110000000000111010110001011100101111110001001111100111000111011
0000000000110011101100001001111100110001001100110100110010110111
0011100000110001011111111000001111111110100001111100111011101001
1110000011000110010010000010000111111111100011110101010101011101
1010101011000010110111111100100111111110101110010101011101101010
0100100011100110110111100010010111111111010011010011000111111111
0000100101101001111111000100011111111111111110011001010111111111
1001011010011000111111110001111111111111000011101110001011011111
0001011001110010011111101101111111011111001011111011111111110111
0000001000011110101111110001111100110110010110011011010101011111
0000001000011110110111111111111110011010000101101101101111111111
0000010000100100010011110111111011001001111011000000001101100101
1100011100101101110000010111111010111000110100100011100111101001
1010101001001001011001011111111110100011100101110100001011100010
0100001100001001011101111111111100011011101111000110011001001010
0000000001011111001000011111111001000111111011001101100011000011
0000100000011000010110011111001000010111100100010010000011100011
0000110000000101000000101010111101110111111110100101100011010110
0000000000000000010010111101011011010111111011110001111100001010
0000000010100011011111100011001001111100001111110011100111010001
0000000111000100111010010011010001111011001110000101001110010001
0000000000001111001001100100001010000101101111001101011100001001
1000010000100100000001100011010010110000001111011100101001001101
0010010001000000000000001000011111000000001111100011111111011101
0001110011000000000011110101001100110010001110001111111111011011
0000000000000000100100010101111101110010011001011111111111111000
1110111000000000000100000100010000110000011100111111011111111111
1101100111010000000011100100100000111011000010011111011111111011
0011110011000000010001111111000000010100100001011111111110111011
0010010110101000000011111000011000010011010001011111110111001110
0011000101001100011010000000010000111001000010110111110111111010
0000001111111111100110000000000000111110100000000000111111110110
0000001001010011110010000000000000111011100111101101011011110011
0000110100011010100011000000000000110100110100001110100101000011
