0000000000001110000000000000000000000000000000000000101111110000
0000000000000000000000000000000000000000000000000011001111100010
0000000000000000000000000000000000000000000000000011000000000000
0000000000000000000000110000000000000000000000000111100000001000
0000000000000000000000000000000010000000000000000111100000000000
0000110000000000000000000000000000000000000000000111110000000000
0000000000000000000000000000000000000000000001000010011100010000
0000000000000000110000000001100000000000000000000000001110000000
0000000000000000100000000010000000000000000000000000110110000000
0000000000000110000000000000000000000000000000010000110000000000
0000010000000000001100000000000000101000000000000000011100000000
1111000000000000010000000000000000000000000000010000011000000000
1111000100001000000000000000000000000000000000011000000000000000
1001000000000000000000000000000000000000000000001000000000000000
0000000000000000000000000000000000000000000000001000000000000001
0000000000000000000000000000000100000000000000000000000000000001
0000000000000000000000000000000000000000000000000000000000000011
0000000000000000000000000000000000000000000000000011000000100001
0000000000000000000000000000000000000000000000000011110000100001
0000000000000000000000000000000000000000000000000011110000100000
0000000000000000000000000000000000000000000000000001100010000000
0000000000000000000000000000000000000000000000000011000000000000
0000000000000000000000000000000000000000000000000001000000000000
0000000000000000000000000000000000000000000000000111000000000000
0000000000000000000000000000000000000000000000000110001100001100
0000000000000000000000000001001100000000000000001010001001111100
0000000000000000000000000000000111000000000000000000011000011100
0000000000000000000000000000000000000000000000000000100110001100
0000000000000000000000000000000000000000000000000001011110101100
0000000000000000000000011000000100010001000000000011011000111100
0000000000000000000000000000000100000000000000000011100001011110
0000000000000000000000000000000000000000001000110001100111001110
0000000000000000000000000001000000000000000000000001111100111110
0000000000000000000000000000010000000000000000000001111100111111
0000000000000000000000000000010000000000000000001001110000001110
0000000000000000000000000010000000000000000000000001110111111000
0000000000000000000000000000000000000000000000000001100110000000
0000000000000000000000000000000000000000000000000001100000010000
0000000000000000000000010000000000000000000000000000100001111000
0000000000000000000000000000000000000000000000000000000111001100
0000000000000000000000000000000000000000000000000010000001001100
0000000000000000000011000000000000000000000000000000000000111100
0000000010000000010110000000000000000000000000000000000000001110
0000000000000000000010000000000000000000000000000000001000001110
0000000000000000000000000000000000000000000000000000000000000111
0000000000000000000000000000000000000000000000000000000000000000
0000000000000000000001100000000000000000000000000000000000000000
0000000000000000000000100000000000000000000000000000010000000000
0000000000000000000000000000000000000000000000000000000000000000
0000000000000000001000000000000000000000000000000000000000000000
0000000000000000000000000000000000000000000000000000000000000011
0000000000000000000010000000000000000000000000000000000000000011
0000000000000000000000000000000000000000000000000000000000000001
0000000000000000000000000000000000000000000000000000000000000000
0000000000000000000000000000000000000000000000000000000000000001
0000000000000000000000000000000000000000000000000000000000000111
0000000000000000000000000000000000000000000000110011110000001111
0000000000000000000000000000000000000000001001110011110000001111
0000111000000000000000000000000000000000011111110001110000011111
0000000000000000000000000000000000000000111110110000000000011100
0000000000100000000000000000000000000011101110110000000000011001
0000000000000000000000000000000000000001101110000000000000001100
0000000100011000000000000000000000000000010000000000000000001000
0000000011000000000000000000000000000000000110000000000000001000
