1000000000000001000000000000000011000001000000001001010111001010
0000000000001000000000011100011001100100000000001100110000000000
0000000000000000000001111011001100001100000000001100110111101100
0000000000000000011000000010000110000110000000001011010001100000
0000000000000000001000000000000000000000111000000011010001100000
0000000000000000000000000000000000110111111111101011011111001000
0000110000000000000000000000000011100111000001101101000010000000
0000000000000001001000000000000000111000011000000000000000010000
0000000100000001011000000101000000000000101000110001110000010000
0000110010000000000000011100011000000111000001101101010010010000
1110101000000100000010000000101101010110000001011000100110000000
1110000000000000101001100100001001100011000001101000100100100000
1010000011010111100000000110000000000000000000100100011001000000
0110000100000000000000000000000000000000000000110110000011000011
0000100000000000000000000000000010000000000000000110010000000010
0000000000000000000000000100000010000000000000001111001000100010
0000000000000000000000000110000100000000000000001111000100100000
0000000000000000000000000100000000000000000000001100111100000010
0000000000000000000000000000100000000000000000000100101100000010
0000000000000000000000000000110000000000000000000100101110000010
1100000000000000000000001000100000000000000000000010010100100000
0000000000000000000000001111000000000000000000000100111000000000
0000000000000000000000000000100010000000001000001110110001000000
0000000000000000000000000000110000000000000000001000111001101100
0000000000000000000000000001100100000000000000001001010101110010
0000000000000000000000000010100111100011000000000101010000000011
0000000000000000000000000000011100100001000000001111100000110011
0001000000000000000000000000000000000001000000011001001000111011
1011000000000000000000000011100000000111000000001110000101101000
0000000000000000000110100111100111001000100010000101101011111010
0000000000000000000010001100100000011000000000000001110010110001
1000000000011001100001100001100100001000011101111010101010100111
1000010000000011100001100000000000000000001110000000001100110111
0000001100010001110000011000001000000111000010001000001001111100
0000001110000001000100010010001000000011100000000010001100001001
0100000011000010000000000101110000000001100100001010010110100110
0000000000001000000001100110000000000000001100001010010001111000
0000001100000001000001100010000000010000000100000000000111101000
0000000000000001000000100000000000110000000000001001110110010100
0000000000000000000000110000000001111000000000001000000101001000
0000000000000000000001100110000011000000000100010100000000001010
0000000000000100000100001100000000000100000000011110011010011010
0000000000000000101011001100000000000100000000011000001011101000
0000000011010000000000010000000010000000001001111001000001101101
0000000000000011000000000000000000000000000000011001110000110000
0000000000000000000000100000011000000000000000011000000010000000
0000000000000000000000010000110110000000000000010010010010000000
0000000000000000000000010001110000000000001100000011101001001101
0000000000000000001100000000010010010000000000100000011000001001
0000000000000000000000000000000000000000000011100000000000000100
0000000000000110011000000000000100000000000000001001000000000100
0000000000001100000000011000111100001100000000000010000000000001
0000000000000000000000000110011100001110000000000110000000000010
0000000000000000000000000010000000000000000000000010000000100011
0000000010000000000000000010000000000000000000000011000000000110
0000000000000000000000000011100010011110000000110111111000001000
0000000000000000000000000011100000000011000001001100001100000000
0011101000000000000000110000000000000000010000001100001100010000
0011000100000000000000100000000000000000001011111110001100000000
0000011100100000000000000000000000001011011110111111111000001100
0000000000010000000000000000000000001100101110001110100000001010
0000000101111000010000000000000000000110101001011110000000011101
0000000010000100000000000000000000001101101000011100000000011001
0000001100110000000000000000000000010000111001010100000000011101
