0000001000000000100001000100001010110010100000110110010110010011
0000001000010000000000000000100011001000010001100000110111000101
0000010000000000001110110100000100001101111001100111101001000111
0010000000000000001101001101000010000000001011000000001000110100
0000000000000000010110000000000000000011010101001000011001100000
0000000000000001000000000100000000001101111010010001101000000001
0000110000011000000000000001001110010010000010110100011011001001
0000000000010001111110000011000000110000001000000000010111000000
0000000000010011000100111001000000000011010101110000010110000000
0000100000001101000000101001000000100010000010100010101110001000
0101000000000100010011000000001100000111000010110101111000011001
1110011011001101101010010010100100000100110110000111001000000011
0110011010110110010000100110000000100001111101100010010010100111
0110100000100000000000000110000110100000011000010100011010010100
0001000000100000000000000100010000000000000000110101001001101110
0011000000000000000000000010001001100000000111101110110101000110
1001100000000000100000100000000000000100001110011110100001100101
1000000000000000110000000000000100000110111100000000100000000111
0000000000000000110000000000000000000011110000001001011000110110
1100000000000000000000001000001000000111000000000001000001010101
0000000000000000000000000111011000000000000000010110011000100110
1100110000000000000000001000001010000000001000011000000100110010
0000000000000000001100000001001000000000010100000110001001100010
0000000000000000001100000000001010100000111000001000001001010010
0000000000000000000000001000100000100110110000011001100010000011
0000000000000000000000001010110011000100100000010101100001111110
0000000000000000000000000000001010100000110001101100000011011010
0010000000000000000000000100000000001011100001101111100111001000
1100000000000000001100000111010000000010101111110011100011111011
0010000000001000000001000110000011000000000101000100001000010101
0000000000001000000101100011100010101000000000000110110010010110
1100010100001000000010000010101100000100011111011001100001111011
1100001010000000010000110011100010001100000100011001111011100001
0000011010100010001000111000000011000000000101111001001000000010
0000000110010000011010000100001111100101100010111000011110001000
1000000011101101000100100001101101100000010010011010000001010101
1000000001100011001100100111100000110000110110101010000101010111
0001000000111011101010100000000000101000001001100001110110001101
0001001100100001110001101001000001001000000000000000010110101010
0001000000000001000001110001011011100100001100110100100001000011
0000000000000100000011110101011100100110011000001100010100100111
0000000010000110011000100010001111000011000000001110010001000111
0000000101010000100001010000000000000000010001101011001111000101
0011000011111001100110001000001000000100010011000000010100110110
0001000001010010000000010000000000000100011110100000001010101010
0000000000000011001001010000100100111000010010010100010001100000
0000100000000000001000000001100101110000000000000100001101100000
0000000000001000000001001010110010000011010110000010100010111110
0000000000000000000000001110000011101001001111000000011010000101
0000000011100010011100000000000000010011100100101001010000001100
0000101110001111001000001001101000011000010000101010100001000100
1000011000000010000101001111001000011010010000100000011100011100
0000000000101100000000101000010110000100000000110010011010010011
0000000011000000001000000000000000000011011000110101100001010101
0000000001000000010000100111000110111001111110000000110001101110
0000000000000000000011000001000101101001111001001001110100011000
0000000000000000000000100101000000000000110000001110001000010111
0011010100000000000000001000000000000001110111111101001000000000
0011001000000010011001000000000000011000000101000010111000101011
0000101000010000001000000000010000010101100011101000110111100100
1000001100010000011000000000000010000101101000101101010000101110
1100001100010100100010000000000010000111101111001101110000110011
1000101101100110000000000000000000010010100110001100001011110010
0000100110101110000000000000000000001000001000001001001011111010
