6
121 210 -- 111 310 320 330 
121 320 -- 111 210 310 330 
111 121 210 -- 310 320 330 
111 121 320 -- 210 310 330 
121 210 310 -- 111 320 330 
121 210 320 -- 111 310 330 
121 210 330 -- 111 310 320 
121 310 320 -- 111 210 330 
121 320 330 -- 111 210 310 
111 121 210 310 -- 320 330 
111 121 210 320 -- 310 330 
111 121 210 330 -- 310 320 
111 121 310 320 -- 210 330 
111 121 320 330 -- 210 310 
121 210 310 320 -- 111 330 
121 210 310 330 -- 111 320 
121 210 320 330 -- 111 310 
121 310 320 330 -- 111 210 
111 121 210 310 320 -- 330 
111 121 210 310 330 -- 320 
111 121 210 320 330 -- 310 
111 121 310 320 330 -- 210 
121 210 310 320 330 -- 111 
121 210 310 320 -- 111 330 340 
121 210 310 330 -- 111 320 340 
121 210 320 330 -- 111 310 340 
121 310 320 330 -- 111 340 
121 320 -- 111 310 330 340 
111 121 320 -- 310 330 340 
121 310 320 -- 111 330 340 
121 320 330 -- 111 310 340 
121 320 340 -- 111 310 330 
111 121 310 320 -- 330 340 
111 121 320 330 -- 310 340 
111 121 320 340 -- 310 330 
121 310 320 330 -- 111 340 
121 310 320 340 -- 111 330 
121 320 330 340 -- 111 310 
111 121 310 320 330 -- 340 
